:date 04292019-14:52:05.000
:fixed_data
0 0 0 0 sd_sd1
1 1 0 0 sd_sd2
:
:vdbench503_vdbench_data_for_swat303
:date 04292019-14:52:05.000 04292019-14:52:06.000
0 0 0 284 9302511 0 0 581632 46023 0 46023 0 0 0
1 0 0 266 8986816 0 0 544768 61675 0 61675 0 0 0
:
:vdbench503_vdbench_data_for_swat303
:date 04292019-14:52:06.000 04292019-14:52:07.000
0 0 0 490 15972357 0 0 1003520 39121 0 39121 0 0 0
1 0 0 485 15929800 0 0 993280 37672 0 37672 0 0 0
:
:vdbench503_vdbench_data_for_swat303
:date 04292019-14:52:07.000 04292019-14:52:08.000
0 0 0 489 15896070 0 0 1001472 34357 0 34357 0 0 0
1 0 0 485 15884971 0 0 993280 37257 0 37257 0 0 0
:
:vdbench503_vdbench_data_for_swat303
:date 04292019-14:52:08.000 04292019-14:52:09.000
0 0 0 492 15988486 0 0 1007616 34169 0 34169 0 0 0
1 0 0 489 16023060 0 0 1001472 36687 0 36687 0 0 0
:
:vdbench503_vdbench_data_for_swat303
:date 04292019-14:52:09.000 04292019-14:52:10.000
0 0 0 480 15998373 0 0 983040 46581 0 46581 0 0 0
1 0 0 465 15982406 0 0 952320 48190 0 48190 0 0 0
:
:vdbench503_vdbench_data_for_swat303
:date 04292019-14:52:10.000 04292019-14:52:11.000
0 0 0 481 15996326 0 0 985088 46796 0 46796 0 0 0
1 0 0 344 15376094 0 0 704512 122258 0 122258 0 0 0
